%% COMPRESSOR DATA
% this data is used to scale the maps generated by functions
% generate_comp_map.m and generate_turb_map.m

Data001 = [ 0.002030227836679, 1;
            0.029325513196480, 1.01763925729443;
            0.098804421385066, 1.01326259946950;
            0.169524024362734, 1.00013262599469;
            0.077712609970674, 1.08912466843501;
            0.133543875479359, 1.08474801061008;
            0.185653056620798, 1.07453580901857;
            0.243965711707647, 1.05702917771883;
            0.294834198060004, 1.03368700265252;
            0.350665463568689, 1.00888594164456;
            0.142228739002933, 1.21604774535809;
            0.200541394089781, 1.20875331564987;
            0.257613354387548, 1.20000000000000;
            0.315926009474396, 1.17811671087533;
            0.370516580193999, 1.15331564986737;
            0.427588540491766, 1.11830238726790;
            0.485901195578615, 1.07015915119363;
            0.544213850665464, 1.01180371352785;
            0.184412361831717, 1.30649867374005;
            0.247687796074893, 1.29774535809019;
            0.312203925107151, 1.28461538461538;
            0.376720054139409, 1.26710875331565;
            0.443717572749831, 1.22771883289125;
            0.505752312203925, 1.17957559681698;
            0.571509136025265, 1.11246684350133;
            0.640988044213851, 1.01909814323607;
            0.220392510715091, 1.41737400530504;
            0.291112113692759, 1.40862068965517;
            0.361831716670426, 1.39694960212202;
            0.437514098804421, 1.37506631299735;
            0.510715091360253, 1.32838196286472;
            0.585156778705166, 1.26273209549072;
            0.662079855628243, 1.17519893899204;
            0.737762237762237, 1.02201591511936;
            0.251409880442138, 1.54283819628647;
            0.338258515677870, 1.53992042440318;
            0.415181592600947, 1.52262599469496;
            0.495826753891270, 1.50057824933687;
            0.577712609970674, 1.44259946949602;
            0.657117076471915, 1.38819628647215;
            0.737762237762237, 1.28315649867374;
            0.825851567787051, 1.03076923076923;
            0.318407399052560, 1.69748010610080;
            0.392849086397473, 1.68310344827586;
            0.477216332055042, 1.65748010610080;
            0.564064967290773, 1.62872679045093;
            0.643469433792014, 1.59474801061008;
            0.731558763816828, 1.52013262599469;
            0.817166704263478, 1.40612732095491;
            0.905256034288292, 1.03368700265252;
            0.351906158357771, 1.80063660477454;
            0.428829235280848, 1.79017771883289;
            0.519399954883826, 1.76938992042440;
            0.598804421385066, 1.74501326259947;
            0.679449582675389, 1.71978779840849;
            0.770020302278366, 1.64496021220159;
            0.855628242725016, 1.51511936339523;
            0.942476877960748, 1.03806366047745;
            0.394089781186555, 1.91628647214850;
            0.463568689375141, 1.90816976127321;
            0.559102188134446, 1.89129973474801;
            0.631062485901195, 1.87151193633952;
            0.719151815926009, 1.82190981432361;
            0.799796977216332, 1.76167108753316;
            0.881682833295736, 1.62891246684350;
            0.968531468531468, 1.03660477453581;
            0.562824272501692, 2               ;
            0.621136927588540, 1.98801061007958;
            0.679449582675389, 1.96946949602122;
            0.736521542973156, 1.94758620689655;
            0.801037672005413, 1.91631299734748;
            0.860591021881344, 1.83315649867374;
            0.921385066546356, 1.70623342175066;
            1                , 1.03806366047745];
        
        
%% TURBINE DATA

Data002 = [1               ,0                ;
           1.11214953271028,0.385535086584921;
           1.22259983007647,0.632455923788027;
           1.33220050977060,0.766434284415498;
           1.44604927782498,0.864497243154913;
           1.55480033984707,0.916334552066557;
           1.66864910790144,0.968195373516261;
           1.77994902293968,0.994130173248218;
           1.88615123194562,1                ;
           2               ,1                ];
